t_acc : 0.5636260569700978,0.6518116113184373,0.6938069819075062,0.7267891728470878,0.7527044262837168,0.7750295243044074,0.795200529075535,0.8113089895602059,0.826302612310454,0.8355236430629694,

t_loss : 1.5534354830572088,1.3461352731628666,1.2159094007640643,1.1175828616244854,1.0344736545783852,0.9590113860196129,0.8946022821320794,0.8351108908771517,0.7874993151004248,0.7432642817581723,

v_acc : 0.5105372801705345,0.5156726902766339,0.5031248486022964,0.5131049852235842,0.5094229930720411,0.5134441160796474,0.503318637662904,0.5051111864735236,0.5056441063901943,0.5038031103144228,

v_loss : 2.3319512658915973,2.634134460994829,3.0808107547303525,3.286324891463759,3.5358588005658884,3.6192019274516496,3.8114974197043763,4.032370002029143,4.013159948866656,4.130910112976675,

best_epoch : 2,0.5156726902766339,0.13613892104180347,

#best_epoch = [epoch,acc_differance]